,ATGTACTCATTCGTTTCGGAAGAAACAGGTACGTTAATAGTTAATAGCGTACTTCTTTTTCTTGCTTTCGTGGTATTCTTGCTAGTCACACTAGCCATCCTTACTGCGCTTCGATTGTGTGCGTACTGCTGCAATATTGTTAACGTGAGTTTAGTAAAACCAACGGTTTACGTCTACTCGCGTGTTAAAAATCTGAACTCTTCTGAAGGAGTTCCTGATCTTCTGGTCTAA                        ,ATGTACTCATTCGTTTCGGAAGAGACAGGTACGTTAATAGTTAATAGCGTACTTCTTTTTCTTGCTTTCGTGGTATTCTTGCTAGTTACACTAGCCATCCTTACTGCGCTTCGATTGTGTGCGTACTGCTGCAATATTGTTAACGTGAGTCTTGTAAAACCTTCTTTTTACGTTTACTCTCGTGTTAAAAATCTGAATTCTTCTAGAGTTCCTGATCTTCTGGTCTAA                           ,ATGTTACCCTTTGTCCAAGAACGAATAGGGTTGTTCATAGTAAACTTTTTCATTTTTACCGTAGTATGTGCTATAACACTCTTGGTGTGTATGGCTTTCCTTACGGCTACTAGATTATGTGTGCAATGTATGACAGGCTTCAATACCCTGTTAGTTCAGCCCGCATTATACTTGTATAATACTGGACGTTCAGTCTATGTAAAATTCCAGGATAGTAAACCCCCTCTACCACCTGACGAGTGGGTTTAA      ,ATGTTACCTTTTGTCCAAGAACAAATAGGTGCATTCATAGTAAATTTTTTCATATTATCCGTAGTTTGTGCTGTAACACTCGTTGTGTGTCTAGCAATCCTTACGGCTATTCGATTATGTGTGCAGTGTGTTTCTGGTTGTCATACATTAGTATTTCTACCAGCTGTTCATATTTATAATACAGGGCGTGCAGCCTATGTAAAGTTCCAAGAGAGCCATCCACCCTATCCCCCTGAGGACTGGGTTTAA      ,ATGTTTATGGCTGATGCTTATTTTGCAGACACTGTGTGGTATGTGGGGCAAATAATTTTTATAGTTGCCATTTGTTTATTGGTTATAATAGTTGTAGTGGCATTTTTGGCAACTTTTAAATTGTGTATTCAACTTTGCGGTATGTGTAATACCTTAGTACTGTCCCCTTCTATTTATGTGTTTAATAGAGGTAGGCAGTTTTATGAGTTTTACAATGATGTAAAACCACCAGTTCTTGATGTGGATGACGTTTAG,ATGTTACCTTTTGTCCATGAACAAATAGGTACTATCATAGTAAATTTTTTCATTTTAACCGTAGTATGCGCTATTACATTAGTGGTGTGTTTAGCAATCCTTACGGCTATTAGATTATGTGTGCAATGTGCTTCGGGTGTTAACACTCTTTTGTTTGTACCCGCGTTCTACATCTATAATACTGGGCGCAACGCCTATTTTAAGTTTCAAGAGAATCGTCCACCCTTTCCTCCTGAGGACTGGGTTTAA      ,ATGTTTAATTTATTCCTTACAGACACAGTATGGTATGTGGGGCAGATTATTTTTATATTCGCAGTGTGTTTGATGGTCACCATAATTGTGGTTGCCTTCCTTGCGTCTATCAAACTTTGTATTCAACTTTGCGGTTTATGTAATACTTTGGTGCTGTCCCCTTCTATTTATTTGTATGATAGGAGTAAGCAGCTTTATAAGTATTATAATGAAGAAATGAGACTGCCCCTATTAGAGGTGGATGATATCTAA   ,ATGTTACCCTTTGTCCAAGAACGAATAGGGTTGTTCATAGTAAACTTTTTCATTTTTACCGTAGTATGTGCTATAACACTCTTGGTGTGTATGGCTTTCCTTACGGCTACTAGATTATGTGTGCAATGTATGACAGGCTTCAATACCCTGTTAGTTCAGCCCGCATTATACTTGTATAATACTGGACGTTCAGTCTATGTAAAATTCCAGGATAGTAAACCCCCTCTACCACCTGACGAGTGGGTTTAA      ,ATGTTCCTTCGATTAATTGATGACAATGGTATTGTCCTCAATTCCATTTTATGGCTCCTTGTTATGATATTTTTCTTTGTGTTGGCAATGACCTTTATTAAACTGATTCAATTGTGTTTTACTTGTCATTATTTTTTTAGTAGGACATTATATCAACCAGTTTATAAAATTTTTCTTGCTTACCAAGATTATATGCAAATAGCACCTGTTCCAGCTGAAGTACTAAATGTCTAA                     ,ATGTTACCTTTTGTCCATCAACAATTAGGGTCATTCATAGTTAACTTTTTCATCTTTACCGTAGCTTGCGCTGTAATACTTTTAGTATCTATGGCAATCCTTACGGCCTGTCGATTATGTGTGCAGTGCTTAACAGGTGTTAATACCTTGTTAGTTCAACCAGCCATATATGTTTATAACATGGGACATTCTGTCTATGTAAAGTATCAGAATAGTAAACCAGAACTGCCGCCAGCAGATTGGTTTTAA      
ATGTACTCATTCGTTTCGGAAGAAACAGGTACGTTAATAGTTAATAGCGTACTTCTTTTTCTTGCTTTCGTGGTATTCTTGCTAGTCACACTAGCCATCCTTACTGCGCTTCGATTGTGTGCGTACTGCTGCAATATTGTTAACGTGAGTTTAGTAAAACCAACGGTTTACGTCTACTCGCGTGTTAAAAATCTGAACTCTTCTGAAGGAGTTCCTGATCTTCTGGTCTAA                        ,0.0,0.11764705882352941,0.5882352941176471,0.5725490196078431,0.6784313725490196,0.5411764705882353,0.6313725490196078,0.5882352941176471,0.6392156862745098,0.5333333333333333
ATGTACTCATTCGTTTCGGAAGAGACAGGTACGTTAATAGTTAATAGCGTACTTCTTTTTCTTGCTTTCGTGGTATTCTTGCTAGTTACACTAGCCATCCTTACTGCGCTTCGATTGTGTGCGTACTGCTGCAATATTGTTAACGTGAGTCTTGTAAAACCTTCTTTTTACGTTTACTCTCGTGTTAAAAATCTGAATTCTTCTAGAGTTCCTGATCTTCTGGTCTAA                           ,0.11764705882352941,0.0,0.6039215686274509,0.5725490196078431,0.6784313725490196,0.5450980392156862,0.615686274509804,0.6039215686274509,0.611764705882353,0.5490196078431373
ATGTTACCCTTTGTCCAAGAACGAATAGGGTTGTTCATAGTAAACTTTTTCATTTTTACCGTAGTATGTGCTATAACACTCTTGGTGTGTATGGCTTTCCTTACGGCTACTAGATTATGTGTGCAATGTATGACAGGCTTCAATACCCTGTTAGTTCAGCCCGCATTATACTTGTATAATACTGGACGTTCAGTCTATGTAAAATTCCAGGATAGTAAACCCCCTCTACCACCTGACGAGTGGGTTTAA      ,0.5882352941176471,0.6039215686274509,0.0,0.24313725490196078,0.7411764705882353,0.24705882352941178,0.5568627450980392,0.0,0.7254901960784313,0.23137254901960785
ATGTTACCTTTTGTCCAAGAACAAATAGGTGCATTCATAGTAAATTTTTTCATATTATCCGTAGTTTGTGCTGTAACACTCGTTGTGTGTCTAGCAATCCTTACGGCTATTCGATTATGTGTGCAGTGTGTTTCTGGTTGTCATACATTAGTATTTCTACCAGCTGTTCATATTTATAATACAGGGCGTGCAGCCTATGTAAAGTTCCAAGAGAGCCATCCACCCTATCCCCCTGAGGACTGGGTTTAA      ,0.5725490196078431,0.5725490196078431,0.24313725490196078,0.0,0.7058823529411765,0.18823529411764706,0.5647058823529412,0.24313725490196078,0.7058823529411765,0.27058823529411763
ATGTTTATGGCTGATGCTTATTTTGCAGACACTGTGTGGTATGTGGGGCAAATAATTTTTATAGTTGCCATTTGTTTATTGGTTATAATAGTTGTAGTGGCATTTTTGGCAACTTTTAAATTGTGTATTCAACTTTGCGGTATGTGTAATACCTTAGTACTGTCCCCTTCTATTTATGTGTTTAATAGAGGTAGGCAGTTTTATGAGTTTTACAATGATGTAAAACCACCAGTTCTTGATGTGGATGACGTTTAG,0.6784313725490196,0.6784313725490196,0.7411764705882353,0.7058823529411765,0.0,0.6784313725490196,0.6862745098039216,0.7411764705882353,0.6901960784313725,0.6980392156862745
ATGTTACCTTTTGTCCATGAACAAATAGGTACTATCATAGTAAATTTTTTCATTTTAACCGTAGTATGCGCTATTACATTAGTGGTGTGTTTAGCAATCCTTACGGCTATTAGATTATGTGTGCAATGTGCTTCGGGTGTTAACACTCTTTTGTTTGTACCCGCGTTCTACATCTATAATACTGGGCGCAACGCCTATTTTAAGTTTCAAGAGAATCGTCCACCCTTTCCTCCTGAGGACTGGGTTTAA      ,0.5411764705882353,0.5450980392156862,0.24705882352941178,0.18823529411764706,0.6784313725490196,0.0,0.5686274509803921,0.24705882352941178,0.7254901960784313,0.3137254901960784
ATGTTTAATTTATTCCTTACAGACACAGTATGGTATGTGGGGCAGATTATTTTTATATTCGCAGTGTGTTTGATGGTCACCATAATTGTGGTTGCCTTCCTTGCGTCTATCAAACTTTGTATTCAACTTTGCGGTTTATGTAATACTTTGGTGCTGTCCCCTTCTATTTATTTGTATGATAGGAGTAAGCAGCTTTATAAGTATTATAATGAAGAAATGAGACTGCCCCTATTAGAGGTGGATGATATCTAA   ,0.6313725490196078,0.615686274509804,0.5568627450980392,0.5647058823529412,0.6862745098039216,0.5686274509803921,0.0,0.5568627450980392,0.6666666666666666,0.5843137254901961
ATGTTACCCTTTGTCCAAGAACGAATAGGGTTGTTCATAGTAAACTTTTTCATTTTTACCGTAGTATGTGCTATAACACTCTTGGTGTGTATGGCTTTCCTTACGGCTACTAGATTATGTGTGCAATGTATGACAGGCTTCAATACCCTGTTAGTTCAGCCCGCATTATACTTGTATAATACTGGACGTTCAGTCTATGTAAAATTCCAGGATAGTAAACCCCCTCTACCACCTGACGAGTGGGTTTAA      ,0.5882352941176471,0.6039215686274509,0.0,0.24313725490196078,0.7411764705882353,0.24705882352941178,0.5568627450980392,0.0,0.7254901960784313,0.23137254901960785
ATGTTCCTTCGATTAATTGATGACAATGGTATTGTCCTCAATTCCATTTTATGGCTCCTTGTTATGATATTTTTCTTTGTGTTGGCAATGACCTTTATTAAACTGATTCAATTGTGTTTTACTTGTCATTATTTTTTTAGTAGGACATTATATCAACCAGTTTATAAAATTTTTCTTGCTTACCAAGATTATATGCAAATAGCACCTGTTCCAGCTGAAGTACTAAATGTCTAA                     ,0.6392156862745098,0.611764705882353,0.7254901960784313,0.7058823529411765,0.6901960784313725,0.7254901960784313,0.6666666666666666,0.7254901960784313,0.0,0.6901960784313725
ATGTTACCTTTTGTCCATCAACAATTAGGGTCATTCATAGTTAACTTTTTCATCTTTACCGTAGCTTGCGCTGTAATACTTTTAGTATCTATGGCAATCCTTACGGCCTGTCGATTATGTGTGCAGTGCTTAACAGGTGTTAATACCTTGTTAGTTCAACCAGCCATATATGTTTATAACATGGGACATTCTGTCTATGTAAAGTATCAGAATAGTAAACCAGAACTGCCGCCAGCAGATTGGTTTTAA      ,0.5333333333333333,0.5490196078431373,0.23137254901960785,0.27058823529411763,0.6980392156862745,0.3137254901960784,0.5843137254901961,0.23137254901960785,0.6901960784313725,0.0
